0.294714
0.315312
0.334375
0.35
0.362214
0.36875
0.377318
0.386953
0.394583
0.403047
0.408672
0.41737
0.421667
0.425677
0.430521
0.434974
0.440573
0.442995
0.446328
0.447292
0.448932
0.454609
0.453958
0.457057
0.465547
0.465625
0.46737
0.469505
0.475729
0.475964
0.473464
0.473411
0.474714
0.477708
0.4775
0.479036
0.478724
0.480729
0.479323
0.476328
0.47901
0.479557
0.483932
0.487682
0.490156
0.493151
0.499557
0.504922
0.500469
0.500208
0.503828
0.503984
0.505443
0.507266
0.506979
0.508073
0.516927
0.517552
0.515651
0.517578
0.511589
0.513958
0.515651
0.512422
0.51651
0.51651
0.520755
0.524089
0.527865
0.532995
0.534661
0.538542
0.540156
0.53763
0.543125
0.541901
0.540365
0.538646
0.537786
0.538542
0.535859
0.538672
0.539844
0.540938
0.539661
0.53987
0.540677
0.538307
0.536797
0.536406
0.536302
0.541042
0.544193
0.54776
0.546589
0.54901
0.548307
0.552604
0.552214
0.555547
0.558802
0.561771
0.564193
0.559375
0.561094
0.561953
0.563542
0.555859
0.555885
0.553177
0.552839
0.559948
0.558568
0.552109
0.555052
0.552057
0.55526
0.556823
0.557526
0.559089
0.565703
0.571979
0.573958
0.572891
0.573438
0.569922
0.568359
0.572578
0.574375
0.573281
0.57362
0.572474
0.571042
0.573021
0.569219
0.57513
0.578698
0.581484
0.581927
0.580078
0.583021
0.585365
0.584557
0.576536
0.576745
0.579036
0.579271
0.577943
0.579974
0.583073
0.584505
0.58526
0.584818
0.583411
0.582161
0.586354
0.583021
0.58138
0.587813
0.593984
0.594297
0.595078
0.591797
0.592161
0.59
0.587578
0.588698
0.592734
0.596667
0.59862
0.598854
0.602526
0.600547
0.599661
0.599349
0.601094
0.602109
0.602917
0.60599
0.606875
0.605286
0.607604
0.60776
0.604349
0.603047
0.606328
0.605156
0.604297
0.60237
0.600807
0.599792
0.600755
0.605911
0.606276
0.606302
0.604193
0.609922
0.609427
0.604167
0.603568
0.608932
0.607682
0.603021
0.606536
0.604453
0.60625
0.612865
0.613307
0.607578
0.608385
0.606484
0.602266
0.602891
0.60724
0.612448
0.621823
0.615078
0.614896
0.61526
0.612578
0.611563
0.605495
0.605286
0.607214
0.609896
0.61224
0.611094
0.613828
0.622448
0.616823
0.609245
0.606823
0.607187
0.616641
0.619609
0.620599
0.614818
0.61276
0.622969
0.616875
0.617057
0.610729
0.616901
0.616849
0.617865
0.621146
0.625781
0.621198
0.618594
0.617083
0.61763
0.621354
0.621849
0.628307
0.625885
0.630625
0.6325
0.630911
0.627578
0.623229
0.619661
0.620781
0.629349
0.629453
0.62362
0.619922
0.617422
0.622188
0.62263
0.627604
0.629531
0.627865
0.623177
0.616719
0.614635
0.618932
0.624401
0.62125
0.623047
0.624271
0.625312
0.627266
0.62474
0.620417
0.621563
0.627161
0.627318
0.628359
0.62776
0.632031
0.631354
0.633359
0.635286
0.631224
0.63276
0.637135
0.638568
0.635234
0.630521
0.630208
0.629323
0.625052
0.62474
0.626016
0.634583
0.632188
0.63263
0.636536
0.63349
0.63651
0.643229
0.638724
0.637526
0.643255
0.635104
0.634323
0.6325
0.629766
0.62974
0.630495
0.630807
0.640208
0.637708
0.629401
0.629974
0.636849
0.64513
0.650469
0.648698
0.645703
0.645365
0.643229
0.633047
0.631589
0.636563
0.634557
0.643542
0.64513
0.648906
0.655078
0.655443
0.650286
0.651745
0.648854
0.65875
0.653984
0.652656
0.647031
0.648151
0.646901
0.650339
0.649609
0.64901
0.650599
0.655208
0.653099
0.65276
0.656094
0.655469
0.65513
0.653333
0.653281
0.64474
0.647474
0.651328
0.65013
0.653984
0.656224
0.658984
0.650703
0.646589
0.648151
0.647266
0.643828
0.656302
0.662552
0.662708
0.660339
0.662214
0.661693
0.656536
0.654557
0.656953
0.655521
0.651224
0.649193
0.650417
0.64763
0.65401
0.656276
0.660234
0.665182
0.670625
0.673698
0.667526
0.662917
0.668464
0.660391
0.655313
0.648203
0.646823
0.649297
0.667109
0.671719
0.677682
0.674661
0.675573
0.674792
0.666042
0.661276
0.660104
0.66276
0.661745
0.659349
0.663776
0.666719
0.664766
0.668021
0.668255
0.664766
0.662005
0.664089
0.659479
0.653333
0.647422
0.647734
0.647943
0.645937
0.647943
0.650443
0.660625
0.659792
0.662083
0.663698
0.662161
0.663724
0.668698
0.675391
0.677526
0.675
0.66974
0.678203
0.683359
0.681745
0.67737
0.680234
0.678255
0.672422
0.670573
0.673464
0.672969
0.673385
0.673958
0.678255
0.676562
0.676927
0.67237
0.670391
0.670182
0.663385
0.663177
0.67388
0.672292
0.671198
0.672057
0.674948
0.672318
0.668958
0.672969
0.671146
0.664974
0.665859
0.658099
0.649714
0.653151
0.66151
0.669583
0.669974
0.66888
0.667214
0.670729
0.679531
0.684479
0.678177
0.677214
0.68224
0.684609
0.681615
0.685833
0.69112
0.685026
0.679193
0.672187
0.671094
0.675833
0.682839
0.678958
0.679948
0.667396
0.669505
0.672839
0.672031
0.668724
0.671823
0.667578
0.666745
0.665391
0.669635
0.672708
0.676354
0.67987
0.677057
0.68237
0.688984
0.682422
0.677682
0.668828
0.669583
0.666094
0.673177
0.672995
0.67276
0.679193
0.681979
0.681328
0.678802
0.679792
0.682708
0.680156
0.683151
0.687734
0.687135
0.686016
0.682552
0.681068
0.679792
0.682344
0.687995
0.689479
0.677448
0.667318
0.666198
0.671328
0.675469
0.669219
0.662865
0.662214
0.667786
0.667578
0.667448
0.668385
0.664948
0.674583
0.681979
0.680937
0.684766
0.689583
0.692344
0.686198
0.680729
0.681875
0.680781
0.679427
0.683047
0.680104
0.6775
0.683255
0.691693
0.691745
0.690625
0.68401
0.678099
0.687708
0.689427
0.687292
0.687839
0.690495
0.68625
0.686198
0.692161
0.693125
0.693099
0.686875
0.692266
0.694948
0.69013
0.696693
0.699531
0.694245
0.689479
0.679557
0.68763
0.693698
0.694688
0.68638
0.688177
0.686328
0.682604
0.684505
0.681302
0.690651
0.694349
0.694896
0.694948
0.691667
0.690391
0.685937
0.676432
0.670964
0.679323
0.680391
0.68237
0.688099
0.692839
0.697708
0.691042
0.689714
0.692708
0.691406
0.695911
0.702943
0.697266
0.696302
0.696927
0.690547
0.69263
0.689922
0.688151
0.688385
0.700703
0.705911
0.706536
0.700443
0.694115
0.694297
0.697266
0.699557
0.699609
0.696302
0.696094
0.695521
0.686406
0.68401
0.682318
0.682734
0.678411
0.674583
0.680078
0.679193
0.678073
0.680234
0.683724
0.686016
0.685755
0.683385
0.686406
0.683854
0.692604
0.694922
0.694375
0.697214
0.700703
0.696615
0.694635
0.685937
0.686328
0.681094
0.686719
0.691745
0.692135
0.698464
0.698646
0.692708
0.698724
0.694219
0.69888
0.703307
0.696406
0.697839
0.694896
0.697578
0.693568
0.692292
0.692917
0.693203
0.697839
0.699219
0.697656
0.696536
0.68737
0.689635
0.694349
0.695026
0.697135
0.704297
0.697682
0.691094
0.69263
0.692969
0.6925
0.694609
0.697422
0.695339
0.692734
0.693464
0.692161
0.693359
0.689766
0.694323
0.694531
0.695208
0.695781
0.701068
0.701068
0.704271
0.703646
0.692109
0.683542
0.685208
0.682578
0.681562
0.681615
0.688125
0.684245
0.682891
0.689635
0.696276
0.693125
0.693828
0.700885
0.698203
0.700365
0.691797
0.697969
0.697734
0.697526
0.702266
0.708281
0.70612
0.705182
0.703724
0.69974
0.69737
0.697448
0.695703
0.697214
0.698125
0.695495
0.699349
0.697708
0.693464
0.695182
0.691276
0.69513
0.693151
0.693359
0.694193
0.694974
0.690573
0.687474
0.687943
0.693906
0.702917
0.707604
0.702344
0.70474
0.713333
0.706667
0.70125
0.700104
0.697422
0.702344
0.703359
0.701484
0.699062
0.692109
0.698854
0.698698
0.698385
0.69612
0.693828
0.695755
0.699245
0.705443
0.711589
0.707604
0.700156
0.701016
0.694818
0.690208
0.68901
0.689922
0.698438
0.705365
0.711797
0.706927
0.707474
0.695234
0.697109
0.702057
0.703932
0.699141
0.70099
0.703828
0.702474
0.696536
0.69987
0.702786
0.696146
0.689375
0.689792
0.689818
0.686823
0.684896
0.6875
0.69224
0.692708
0.693438
0.691719
0.686901
0.69375
0.698099
0.70349
0.696068
0.692526
0.688359
0.69349
0.698802
0.710651
0.702786
0.697057
0.695781
0.693984
0.694974
0.69099
0.693542
0.695651
0.693542
0.697396
0.697292
0.689271
0.689427
0.691172
0.685937
0.698906
0.702214
0.707526
0.709531
0.698542
0.699479
0.704766
0.705651
0.709531
0.709531
0.705781
0.702578
0.70125
0.697708
0.69651
0.689714
0.691875
0.6975
0.703698
0.701042
0.701458
0.69737
0.698411
0.699036
0.705417
0.708255
0.703516
0.697396
0.695495
0.691354
0.699583
0.698516
0.701146
0.717318
0.713958
0.710703
0.711745
0.710417
0.711094
0.713854
0.707734
0.70901
0.713125
0.712891
0.710859
0.708229
0.69901
0.694141
0.69487
0.69862
0.701589
0.710547
0.706615
0.704818
0.70487
0.699349
0.69987
0.70487
0.704557
0.701354
0.711953
0.713047
0.715026
0.71362
0.709766
0.704922
0.707266
0.716042
0.703802
0.700156
0.704948
0.708646
0.714974
0.704089
0.709557
0.708906
0.706146
0.705911
0.712161
0.714844
0.712943
0.710938
0.711458
0.708646
0.705339
0.697161
0.694948
0.695938
0.704193
0.703854
0.70362
0.702891
0.708542
0.702812
0.704766
0.706276
0.714609
0.715547
0.712995
0.705104
0.703724
0.709323
0.705026
0.702344
0.711328
0.713255
0.712604
0.707187
0.709453
0.710026
0.706589
0.702318
0.70625
0.706771
0.706042
0.707943
0.708333
0.712813
0.713177
0.712682
0.718151
0.72026
0.717474
0.719427
0.724453
0.726016
0.718932
0.709635
0.712995
0.708646
0.705859
0.703281
0.69763
0.7025
0.698854
0.709167
0.712057
0.714792
0.710469
0.712214
0.703437
0.705885
0.708828
0.717344
0.719818
0.714609
0.715547
0.70474
0.697604
0.701042
0.705677
0.700885
0.699792
0.707891
0.707604
0.713021
