0.225
0.29375
0.34375
0.3625
0.4
0.4125
0.4625
0.48125
0.55625
0.56875
0.60625
0.625
0.68125
0.70625
0.725
0.7375
0.73125
0.7375
0.8
0.8
0.81875
0.83125
0.84375
0.825
0.825
0.875
0.85625
0.8625
0.8625
0.8875
0.89375
0.8625
0.88125
0.8875
0.86875
0.8375
0.81875
0.89375
0.8875
0.9
0.85625
0.85
0.86875
0.88125
0.8875
0.88125
0.8875
0.88125
0.9
0.9
0.8625
0.86875
0.88125
0.875
0.86875
0.875
0.89375
0.85
0.85625
0.89375
0.84375
0.875
0.84375
0.8875
0.875
0.8875
0.88125
0.84375
0.9
0.89375
0.8875
0.90625
0.9
0.875
0.86875
0.8875
0.8875
0.9125
0.9
0.9125
0.90625
0.88125
0.85
0.875
0.9
0.8875
0.86875
0.9125
0.85
0.88125
0.925
0.9
0.9375
0.9375
0.9125
0.89375
0.9
0.8875
0.9
0.93125
0.9125
0.91875
0.9
0.88125
0.925
0.9125
0.9375
0.88125
0.8875
0.9375
0.925
0.9375
0.9
0.9375
0.88125
0.925
0.9
0.9375
0.9375
0.90625
0.89375
0.91875
0.925
0.9
0.9125
0.89375
0.9
0.8875
0.9125
0.90625
0.90625
0.9125
0.91875
0.9375
0.8875
0.8625
0.9375
0.89375
0.89375
0.88125
0.95
0.9375
0.9375
0.9375
0.91875
0.91875
0.9125
0.95
0.925
0.95
0.925
0.9125
0.9375
0.93125
0.95
0.95
0.9125
0.94375
0.93125
0.95
0.8875
0.90625
0.90625
0.89375
0.925
0.95
0.9375
0.9375
0.91875
0.91875
0.89375
0.95
0.91875
0.9375
0.95
0.8875
0.925
0.95
0.95
0.9375
0.925
0.9
0.95
0.95
0.94375
0.89375
0.89375
0.93125
0.9
0.925
0.88125
0.95
0.9625
0.89375
0.89375
0.9625
0.94375
0.90625
0.9125
0.9625
0.95
0.9625
0.9375
0.9375
0.9375
0.9625
0.95625
0.9625
0.975
0.91875
0.9625
0.9625
0.95
0.93125
0.95
0.975
0.94375
0.8875
0.9125
0.975
0.94375
0.975
0.94375
0.93125
0.96875
0.94375
0.9625
0.94375
0.975
0.9125
0.9625
0.9625
0.9625
0.975
0.94375
0.9625
0.95625
0.9625
0.9625
0.94375
0.925
0.975
0.975
0.94375
0.9625
0.91875
0.925
0.975
0.975
0.9625
0.9625
0.95
0.95
0.91875
0.90625
0.95
0.95625
0.975
0.9625
0.90625
0.91875
0.89375
0.975
0.95
0.95
0.8875
0.95625
0.9
0.9625
0.93125
0.975
0.95625
0.975
0.95625
0.88125
0.86875
0.95
0.95625
0.975
0.90625
0.95
0.9625
0.975
0.91875
0.95625
0.93125
0.9625
0.95625
0.95625
0.925
0.95625
0.9375
0.91875
0.9625
0.9
0.9375
0.9375
0.975
0.975
0.95
0.94375
0.95625
0.90625
0.8875
0.88125
0.95
0.95
0.96875
0.975
0.975
0.975
0.94375
0.9125
0.93125
0.925
0.95
0.975
0.9625
0.94375
0.95
0.91875
0.95
0.95
0.975
0.975
0.9375
0.95625
0.93125
0.925
0.9625
0.95
0.95625
0.94375
0.94375
0.95625
0.95
0.95
0.975
0.93125
0.95
0.975
0.94375
0.9625
0.96875
0.9375
0.94375
0.975
0.9625
0.9375
0.9625
0.9625
0.93125
0.91875
0.91875
0.95
0.95625
0.95
0.91875
0.95625
0.91875
0.9625
0.975
0.975
0.91875
0.95
0.975
0.9375
0.9625
0.975
0.94375
0.91875
0.9625
0.95
0.9625
0.94375
0.9625
0.95625
0.94375
0.96875
0.975
0.9625
0.975
0.94375
0.94375
0.9625
0.95625
0.9625
0.9375
0.95625
0.94375
0.94375
0.95625
0.95
0.8875
0.94375
0.94375
0.975
0.90625
0.95625
0.96875
0.95625
0.9375
0.975
0.8625
0.975
0.9625
0.9625
0.925
0.975
0.93125
0.93125
0.9625
0.925
0.95
0.9125
0.94375
0.95625
0.975
0.9625
0.975
0.95
0.9625
0.95
0.9125
0.9625
0.9625
0.93125
0.9
0.9625
0.95
0.95625
0.95625
0.975
0.95
0.93125
0.975
0.9375
0.9375
0.925
0.95625
0.95
0.94375
0.95
0.95625
0.94375
0.975
0.9625
0.95
0.975
0.975
0.95
0.95
0.93125
0.95625
0.94375
0.95
0.90625
0.975
0.9375
0.89375
0.9125
0.9625
0.95625
0.975
0.975
0.9625
0.95625
0.95
0.95
0.94375
0.88125
0.9625
0.9125
0.93125
0.90625
0.94375
0.93125
0.95
0.86875
0.9
0.9625
0.975
0.95
0.9875
0.9875
0.975
0.95
0.9625
0.95
0.95
0.9125
0.9875
0.95
0.9625
0.9875
0.93125
0.94375
0.95625
0.94375
0.91875
0.96875
0.95625
0.975
0.9375
0.9875
0.9875
0.9875
0.94375
0.9625
0.95
0.975
0.975
0.94375
0.9375
0.96875
0.9625
0.95625
0.9875
0.96875
0.98125
0.9875
0.975
0.975
1
0.95625
1
0.9375
0.95
0.94375
0.9875
0.98125
0.975
0.925
0.96875
0.9875
0.9875
1
0.98125
1
0.9625
0.975
0.94375
0.9625
0.925
0.9625
0.9625
0.9875
0.975
0.925
1
1
0.975
0.9875
0.9625
0.9875
0.975
1
0.9375
0.975
1
0.975
0.98125
0.9875
0.975
0.9625
0.94375
0.9625
1
1
0.9875
1
0.95
0.98125
0.96875
0.9875
0.98125
0.975
0.975
0.9875
0.96875
0.96875
1
0.975
0.96875
1
0.975
1
0.95625
0.93125
1
0.94375
0.9625
0.98125
0.95625
0.90625
0.925
0.975
0.975
1
1
0.94375
0.975
0.975
0.975
1
0.96875
1
0.96875
0.96875
0.95
0.975
0.96875
0.9375
0.93125
0.98125
1
0.975
1
0.975
1
1
1
0.975
0.90625
0.98125
0.975
0.9625
0.975
0.9875
0.925
1
0.9625
0.95
0.96875
1
0.95
0.9625
0.9125
0.975
0.9875
0.96875
0.975
0.93125
0.91875
0.98125
0.95625
0.98125
1
0.975
0.95
1
0.9625
0.9875
0.9375
0.94375
1
0.975
0.9625
0.96875
0.925
0.95625
0.9875
0.94375
1
1
1
0.96875
0.9875
0.975
0.9875
0.98125
0.98125
1
0.95625
0.9625
0.9625
0.96875
0.98125
0.89375
0.96875
0.9875
1
1
1
1
0.9875
1
0.975
0.9875
0.925
0.96875
0.9875
0.9875
0.90625
0.9875
1
1
0.975
0.9875
1
0.96875
1
1
0.975
0.95
1
0.96875
0.95625
0.9625
0.98125
0.975
0.96875
0.95
1
0.9375
0.975
1
0.9875
1
0.98125
0.9625
0.9375
0.9625
0.9875
1
0.9875
0.975
0.93125
0.975
1
0.9875
0.975
0.96875
0.96875
0.94375
0.9
0.975
1
1
0.975
1
0.98125
0.9625
0.95625
0.9625
1
0.925
1
1
1
0.98125
0.9625
0.95
0.9875
0.95
0.9375
1
1
0.95
0.95625
0.925
1
0.9875
0.975
1
0.96875
0.9875
0.95
0.94375
1
1
0.9875
0.95625
0.975
1
0.975
0.96875
0.95625
0.95625
0.975
0.9625
1
0.975
0.9875
0.9875
0.95
0.9875
1
0.9625
0.98125
1
0.975
0.96875
0.96875
0.98125
1
0.975
0.91875
0.94375
1
1
0.9
0.975
1
0.9875
0.975
0.98125
0.9875
1
0.9875
0.9875
0.95
0.9375
0.975
1
0.98125
0.875
1
0.975
0.91875
0.95
0.9875
0.975
0.98125
0.95625
0.96875
0.95625
0.96875
0.96875
0.9875
0.9875
1
1
0.975
0.9875
1
0.975
0.9125
0.93125
0.90625
0.975
0.9875
0.975
0.95
0.9875
0.95625
0.91875
0.975
0.95625
1
0.9875
0.95625
0.975
0.96875
0.9375
0.9625
0.98125
0.9375
0.9875
0.96875
0.975
0.91875
0.975
0.95625
0.95625
1
1
1
0.975
0.9625
0.975
1
1
0.975
0.95625
0.9625
0.975
0.94375
1
1
0.975
0.9875
0.9875
0.9875
0.9625
0.9875
0.93125
1
1
0.93125
0.93125
0.9875
0.975
0.9625
0.98125
0.98125
0.95625
0.975
0.9625
0.975
0.91875
0.98125
0.975
1
0.9875
0.9625
0.9875
0.94375
0.9875
0.975
0.96875
0.975
0.9625
0.975
0.9625
0.9875
0.9875
0.9875
0.9875
0.96875
0.95
0.975
0.975
0.98125
0.9625
0.9875
0.94375
0.975
1
0.975
1
0.9875
1
0.94375
1
0.9875
0.975
0.975
1
0.9125
0.975
0.9375
0.95625
1
0.95625
1
0.9875
0.9625
0.9875
0.9625
0.9125
0.9625
0.975
0.95625
0.9875
0.975
0.98125
1
0.96875
1
0.9875
0.9625
0.98125
0.9875
0.975
1
0.9875
0.9625
0.9625
0.9625
1
0.9
0.94375
1
0.975
1
1
0.90625
0.96875
1
0.975
0.975
0.94375
0.975
0.98125
1
0.975
0.9875
0.94375
0.94375
1
0.9625
0.96875
0.975
0.975
1
0.975
1
0.975
0.91875
